{
 "cells": [
  {
   "cell_type": "code",
   "execution_count": 135,
   "id": "30ad05c4",
   "metadata": {},
   "outputs": [],
   "source": [
    "import numpy as np\n",
    "import pandas as pd\n",
    "import matplotlib.pyplot as plt\n",
    "plt.rcParams[\"figure.figsize\"] = (10, 6) #set default figure size\n",
    "import datetime\n",
    "\n",
    "# download data from world bank using wbdata \n",
    "# check this web page for details: https://wbdata.readthedocs.io/en/latest/\n",
    "import wbdata \n",
    "\n",
    "from sklearn.linear_model import LinearRegression\n",
    "# from sklearn.metrics import mean_squared_error, r2_score\n",
    "# import quantecon as qt\n",
    "import statsmodels.api as sm"
   ]
  },
  {
   "cell_type": "code",
   "execution_count": 136,
   "id": "ceb8a82f",
   "metadata": {},
   "outputs": [],
   "source": [
    "# function for log-linearization\n",
    "def loglin(x):\n",
    "    t = np.linspace(1,len(x),len(x)).reshape(-1,1) # need to reshape for univariate regression\n",
    "    regression_model = LinearRegression()\n",
    "    regression_model.fit(t,x)\n",
    "    x_predicted = regression_model.predict(t)\n",
    "    return x_predicted"
   ]
  },
  {
   "cell_type": "code",
   "execution_count": 137,
   "id": "451b8904",
   "metadata": {},
   "outputs": [],
   "source": [
    "# function for log-quadratic detrending\n",
    "def logquad(x):\n",
    "    t1 = np.linspace(1,len(x),len(x))\n",
    "    t2 = t1 ** 2\n",
    "    t = np.array([t1, t2]).T\n",
    "    regression_model = LinearRegression()\n",
    "    regression_model.fit(t,x)\n",
    "    x_predicted = regression_model.predict(t)\n",
    "    return x_predicted"
   ]
  },
  {
   "cell_type": "code",
   "execution_count": 138,
   "id": "821b99a1",
   "metadata": {},
   "outputs": [],
   "source": [
    "# function for hp-filter\n",
    "def hpfilter(x):\n",
    "    cycle, trend = sm.tsa.filters.hpfilter(x, 100)\n",
    "    return trend"
   ]
  },
  {
   "cell_type": "code",
   "execution_count": 139,
   "id": "1f73e237",
   "metadata": {},
   "outputs": [],
   "source": [
    "# download data from world bank data set\n",
    "countries = [\"USA\",\"KOR\"]\n",
    "indicators = {'NY.GDP.PCAP.KN':'y', 'NE.CON.PRVT.ZS':'c', \n",
    "             'NE.GDI.TOTL.ZS':'i', 'NE.CON.GOVT.ZS':'g', \n",
    "             'NE.IMP.GNFS.ZS':'im', 'NE.EXP.GNFS.ZS':'ex'}\n",
    "data_date = datetime.datetime(1971, 1, 1), datetime.datetime(2019, 1, 1)\n",
    "df = wbdata.get_dataframe(\n",
    "    indicators, country=countries, date=data_date, parse_dates=False\n",
    ")\n",
    "# df.head()"
   ]
  },
  {
   "cell_type": "code",
   "execution_count": 140,
   "id": "f35b6ead",
   "metadata": {},
   "outputs": [],
   "source": [
    "dfu = df.unstack(level=0)"
   ]
  },
  {
   "cell_type": "code",
   "execution_count": 141,
   "id": "dca5e0b7",
   "metadata": {},
   "outputs": [],
   "source": [
    "dfu_log = dfu.apply(np.log)\n",
    "dfu_trend_loglin = dfu_log.apply(loglin)\n",
    "# dfu_trend_loglin.head()"
   ]
  },
  {
   "cell_type": "code",
   "execution_count": 142,
   "id": "b4ed4f76",
   "metadata": {},
   "outputs": [],
   "source": [
    "dfu_cyc_loglin = dfu_log - dfu_trend_loglin\n",
    "# dfu_cyc_loglin.head()"
   ]
  },
  {
   "cell_type": "code",
   "execution_count": 143,
   "id": "8c3478aa",
   "metadata": {},
   "outputs": [
    {
     "data": {
      "text/plain": [
       "    country      \n",
       "y   Korea, Rep.      0.149941\n",
       "    United States    0.037905\n",
       "c   Korea, Rep.      0.067907\n",
       "    United States    0.012592\n",
       "i   Korea, Rep.      0.121966\n",
       "    United States    0.065058\n",
       "g   Korea, Rep.      0.085203\n",
       "    United States    0.048514\n",
       "im  Korea, Rep.      0.164738\n",
       "    United States    0.107813\n",
       "ex  Korea, Rep.      0.165764\n",
       "    United States    0.110376\n",
       "dtype: float64"
      ]
     },
     "execution_count": 143,
     "metadata": {},
     "output_type": "execute_result"
    }
   ],
   "source": [
    "dfu_cyc_loglin.std()"
   ]
  },
  {
   "cell_type": "code",
   "execution_count": 144,
   "id": "fa5ae17c",
   "metadata": {},
   "outputs": [
    {
     "name": "stderr",
     "output_type": "stream",
     "text": [
      "/var/folders/rs/3t24n6592rs416m8hg8l28zw0000gn/T/ipykernel_82815/369484507.py:1: FutureWarning: The previous implementation of stack is deprecated and will be removed in a future version of pandas. See the What's New notes for pandas 2.1.0 for details. Specify future_stack=True to adopt the new implementation and silence this warning.\n",
      "  df_cyc_loglin = dfu_cyc_loglin.stack(level='country')\n"
     ]
    },
    {
     "data": {
      "text/html": [
       "<div>\n",
       "<style scoped>\n",
       "    .dataframe tbody tr th:only-of-type {\n",
       "        vertical-align: middle;\n",
       "    }\n",
       "\n",
       "    .dataframe tbody tr th {\n",
       "        vertical-align: top;\n",
       "    }\n",
       "\n",
       "    .dataframe thead th {\n",
       "        text-align: right;\n",
       "    }\n",
       "</style>\n",
       "<table border=\"1\" class=\"dataframe\">\n",
       "  <thead>\n",
       "    <tr style=\"text-align: right;\">\n",
       "      <th></th>\n",
       "      <th>y</th>\n",
       "      <th>c</th>\n",
       "      <th>i</th>\n",
       "      <th>g</th>\n",
       "      <th>im</th>\n",
       "      <th>ex</th>\n",
       "    </tr>\n",
       "  </thead>\n",
       "  <tbody>\n",
       "    <tr>\n",
       "      <th>y</th>\n",
       "      <td>1.000000</td>\n",
       "      <td>0.452160</td>\n",
       "      <td>0.489967</td>\n",
       "      <td>-0.404369</td>\n",
       "      <td>0.491041</td>\n",
       "      <td>-0.142889</td>\n",
       "    </tr>\n",
       "    <tr>\n",
       "      <th>c</th>\n",
       "      <td>0.452160</td>\n",
       "      <td>1.000000</td>\n",
       "      <td>-0.349010</td>\n",
       "      <td>0.369685</td>\n",
       "      <td>0.318515</td>\n",
       "      <td>-0.137195</td>\n",
       "    </tr>\n",
       "    <tr>\n",
       "      <th>i</th>\n",
       "      <td>0.489967</td>\n",
       "      <td>-0.349010</td>\n",
       "      <td>1.000000</td>\n",
       "      <td>-0.717818</td>\n",
       "      <td>0.346893</td>\n",
       "      <td>-0.201135</td>\n",
       "    </tr>\n",
       "    <tr>\n",
       "      <th>g</th>\n",
       "      <td>-0.404369</td>\n",
       "      <td>0.369685</td>\n",
       "      <td>-0.717818</td>\n",
       "      <td>1.000000</td>\n",
       "      <td>-0.142669</td>\n",
       "      <td>-0.098982</td>\n",
       "    </tr>\n",
       "    <tr>\n",
       "      <th>im</th>\n",
       "      <td>0.491041</td>\n",
       "      <td>0.318515</td>\n",
       "      <td>0.346893</td>\n",
       "      <td>-0.142669</td>\n",
       "      <td>1.000000</td>\n",
       "      <td>0.500582</td>\n",
       "    </tr>\n",
       "    <tr>\n",
       "      <th>ex</th>\n",
       "      <td>-0.142889</td>\n",
       "      <td>-0.137195</td>\n",
       "      <td>-0.201135</td>\n",
       "      <td>-0.098982</td>\n",
       "      <td>0.500582</td>\n",
       "      <td>1.000000</td>\n",
       "    </tr>\n",
       "  </tbody>\n",
       "</table>\n",
       "</div>"
      ],
      "text/plain": [
       "           y         c         i         g        im        ex\n",
       "y   1.000000  0.452160  0.489967 -0.404369  0.491041 -0.142889\n",
       "c   0.452160  1.000000 -0.349010  0.369685  0.318515 -0.137195\n",
       "i   0.489967 -0.349010  1.000000 -0.717818  0.346893 -0.201135\n",
       "g  -0.404369  0.369685 -0.717818  1.000000 -0.142669 -0.098982\n",
       "im  0.491041  0.318515  0.346893 -0.142669  1.000000  0.500582\n",
       "ex -0.142889 -0.137195 -0.201135 -0.098982  0.500582  1.000000"
      ]
     },
     "execution_count": 144,
     "metadata": {},
     "output_type": "execute_result"
    }
   ],
   "source": [
    "df_cyc_loglin = dfu_cyc_loglin.stack(level='country')\n",
    "df_cyc_loglin_us = df_cyc_loglin.xs(\"United States\", level=\"country\")\n",
    "# df_cyc_loglin_us.head()\n",
    "df_cyc_loglin_us.corr()"
   ]
  },
  {
   "cell_type": "code",
   "execution_count": 145,
   "id": "c3fd6be0",
   "metadata": {},
   "outputs": [
    {
     "data": {
      "text/html": [
       "<div>\n",
       "<style scoped>\n",
       "    .dataframe tbody tr th:only-of-type {\n",
       "        vertical-align: middle;\n",
       "    }\n",
       "\n",
       "    .dataframe tbody tr th {\n",
       "        vertical-align: top;\n",
       "    }\n",
       "\n",
       "    .dataframe thead th {\n",
       "        text-align: right;\n",
       "    }\n",
       "</style>\n",
       "<table border=\"1\" class=\"dataframe\">\n",
       "  <thead>\n",
       "    <tr style=\"text-align: right;\">\n",
       "      <th></th>\n",
       "      <th>y</th>\n",
       "      <th>c</th>\n",
       "      <th>i</th>\n",
       "      <th>g</th>\n",
       "      <th>im</th>\n",
       "      <th>ex</th>\n",
       "    </tr>\n",
       "  </thead>\n",
       "  <tbody>\n",
       "    <tr>\n",
       "      <th>y</th>\n",
       "      <td>1.000000</td>\n",
       "      <td>-0.562793</td>\n",
       "      <td>0.655061</td>\n",
       "      <td>-0.805410</td>\n",
       "      <td>-0.433446</td>\n",
       "      <td>-0.154646</td>\n",
       "    </tr>\n",
       "    <tr>\n",
       "      <th>c</th>\n",
       "      <td>-0.562793</td>\n",
       "      <td>1.000000</td>\n",
       "      <td>-0.680220</td>\n",
       "      <td>0.528211</td>\n",
       "      <td>0.442261</td>\n",
       "      <td>-0.080126</td>\n",
       "    </tr>\n",
       "    <tr>\n",
       "      <th>i</th>\n",
       "      <td>0.655061</td>\n",
       "      <td>-0.680220</td>\n",
       "      <td>1.000000</td>\n",
       "      <td>-0.503941</td>\n",
       "      <td>-0.194730</td>\n",
       "      <td>-0.142876</td>\n",
       "    </tr>\n",
       "    <tr>\n",
       "      <th>g</th>\n",
       "      <td>-0.805410</td>\n",
       "      <td>0.528211</td>\n",
       "      <td>-0.503941</td>\n",
       "      <td>1.000000</td>\n",
       "      <td>0.576998</td>\n",
       "      <td>0.252114</td>\n",
       "    </tr>\n",
       "    <tr>\n",
       "      <th>im</th>\n",
       "      <td>-0.433446</td>\n",
       "      <td>0.442261</td>\n",
       "      <td>-0.194730</td>\n",
       "      <td>0.576998</td>\n",
       "      <td>1.000000</td>\n",
       "      <td>0.719105</td>\n",
       "    </tr>\n",
       "    <tr>\n",
       "      <th>ex</th>\n",
       "      <td>-0.154646</td>\n",
       "      <td>-0.080126</td>\n",
       "      <td>-0.142876</td>\n",
       "      <td>0.252114</td>\n",
       "      <td>0.719105</td>\n",
       "      <td>1.000000</td>\n",
       "    </tr>\n",
       "  </tbody>\n",
       "</table>\n",
       "</div>"
      ],
      "text/plain": [
       "           y         c         i         g        im        ex\n",
       "y   1.000000 -0.562793  0.655061 -0.805410 -0.433446 -0.154646\n",
       "c  -0.562793  1.000000 -0.680220  0.528211  0.442261 -0.080126\n",
       "i   0.655061 -0.680220  1.000000 -0.503941 -0.194730 -0.142876\n",
       "g  -0.805410  0.528211 -0.503941  1.000000  0.576998  0.252114\n",
       "im -0.433446  0.442261 -0.194730  0.576998  1.000000  0.719105\n",
       "ex -0.154646 -0.080126 -0.142876  0.252114  0.719105  1.000000"
      ]
     },
     "execution_count": 145,
     "metadata": {},
     "output_type": "execute_result"
    }
   ],
   "source": [
    "df_cyc_loglin_korea = df_cyc_loglin.xs(\"Korea, Rep.\", level=\"country\")\n",
    "df_cyc_loglin_korea.corr()"
   ]
  },
  {
   "cell_type": "code",
   "execution_count": 146,
   "id": "cf87141e",
   "metadata": {},
   "outputs": [],
   "source": [
    "dfu_trend_logquad = dfu_log.apply(logquad)\n",
    "# dfu_trend_logquad.head()"
   ]
  },
  {
   "cell_type": "code",
   "execution_count": 147,
   "id": "039d87c0",
   "metadata": {},
   "outputs": [],
   "source": [
    "dfu_cyc_logquad = dfu_log - dfu_trend_logquad\n",
    "# dfu_cyc_logquad.head()"
   ]
  },
  {
   "cell_type": "code",
   "execution_count": 148,
   "id": "e03604c2",
   "metadata": {},
   "outputs": [
    {
     "data": {
      "text/plain": [
       "    country      \n",
       "y   Korea, Rep.      0.048118\n",
       "    United States    0.026983\n",
       "c   Korea, Rep.      0.052330\n",
       "    United States    0.010137\n",
       "i   Korea, Rep.      0.092235\n",
       "    United States    0.064630\n",
       "g   Korea, Rep.      0.061391\n",
       "    United States    0.046769\n",
       "im  Korea, Rep.      0.153954\n",
       "    United States    0.087938\n",
       "ex  Korea, Rep.      0.165759\n",
       "    United States    0.109282\n",
       "dtype: float64"
      ]
     },
     "execution_count": 148,
     "metadata": {},
     "output_type": "execute_result"
    }
   ],
   "source": [
    "dfu_cyc_logquad.std()"
   ]
  },
  {
   "cell_type": "code",
   "execution_count": 149,
   "id": "4cbf6f81",
   "metadata": {},
   "outputs": [
    {
     "name": "stderr",
     "output_type": "stream",
     "text": [
      "/var/folders/rs/3t24n6592rs416m8hg8l28zw0000gn/T/ipykernel_82815/3550472321.py:1: FutureWarning: The previous implementation of stack is deprecated and will be removed in a future version of pandas. See the What's New notes for pandas 2.1.0 for details. Specify future_stack=True to adopt the new implementation and silence this warning.\n",
      "  df_cyc_logquad = dfu_cyc_logquad.stack(level='country')\n"
     ]
    },
    {
     "data": {
      "text/html": [
       "<div>\n",
       "<style scoped>\n",
       "    .dataframe tbody tr th:only-of-type {\n",
       "        vertical-align: middle;\n",
       "    }\n",
       "\n",
       "    .dataframe tbody tr th {\n",
       "        vertical-align: top;\n",
       "    }\n",
       "\n",
       "    .dataframe thead th {\n",
       "        text-align: right;\n",
       "    }\n",
       "</style>\n",
       "<table border=\"1\" class=\"dataframe\">\n",
       "  <thead>\n",
       "    <tr style=\"text-align: right;\">\n",
       "      <th></th>\n",
       "      <th>y</th>\n",
       "      <th>c</th>\n",
       "      <th>i</th>\n",
       "      <th>g</th>\n",
       "      <th>im</th>\n",
       "      <th>ex</th>\n",
       "    </tr>\n",
       "  </thead>\n",
       "  <tbody>\n",
       "    <tr>\n",
       "      <th>y</th>\n",
       "      <td>1.000000</td>\n",
       "      <td>0.061931</td>\n",
       "      <td>0.579062</td>\n",
       "      <td>-0.317224</td>\n",
       "      <td>0.145920</td>\n",
       "      <td>-0.342641</td>\n",
       "    </tr>\n",
       "    <tr>\n",
       "      <th>c</th>\n",
       "      <td>0.061931</td>\n",
       "      <td>1.000000</td>\n",
       "      <td>-0.521432</td>\n",
       "      <td>0.679574</td>\n",
       "      <td>-0.037648</td>\n",
       "      <td>-0.276649</td>\n",
       "    </tr>\n",
       "    <tr>\n",
       "      <th>i</th>\n",
       "      <td>0.579062</td>\n",
       "      <td>-0.521432</td>\n",
       "      <td>1.000000</td>\n",
       "      <td>-0.717739</td>\n",
       "      <td>0.346308</td>\n",
       "      <td>-0.220850</td>\n",
       "    </tr>\n",
       "    <tr>\n",
       "      <th>g</th>\n",
       "      <td>-0.317224</td>\n",
       "      <td>0.679574</td>\n",
       "      <td>-0.717739</td>\n",
       "      <td>1.000000</td>\n",
       "      <td>0.014119</td>\n",
       "      <td>-0.064604</td>\n",
       "    </tr>\n",
       "    <tr>\n",
       "      <th>im</th>\n",
       "      <td>0.145920</td>\n",
       "      <td>-0.037648</td>\n",
       "      <td>0.346308</td>\n",
       "      <td>0.014119</td>\n",
       "      <td>1.000000</td>\n",
       "      <td>0.519272</td>\n",
       "    </tr>\n",
       "    <tr>\n",
       "      <th>ex</th>\n",
       "      <td>-0.342641</td>\n",
       "      <td>-0.276649</td>\n",
       "      <td>-0.220850</td>\n",
       "      <td>-0.064604</td>\n",
       "      <td>0.519272</td>\n",
       "      <td>1.000000</td>\n",
       "    </tr>\n",
       "  </tbody>\n",
       "</table>\n",
       "</div>"
      ],
      "text/plain": [
       "           y         c         i         g        im        ex\n",
       "y   1.000000  0.061931  0.579062 -0.317224  0.145920 -0.342641\n",
       "c   0.061931  1.000000 -0.521432  0.679574 -0.037648 -0.276649\n",
       "i   0.579062 -0.521432  1.000000 -0.717739  0.346308 -0.220850\n",
       "g  -0.317224  0.679574 -0.717739  1.000000  0.014119 -0.064604\n",
       "im  0.145920 -0.037648  0.346308  0.014119  1.000000  0.519272\n",
       "ex -0.342641 -0.276649 -0.220850 -0.064604  0.519272  1.000000"
      ]
     },
     "execution_count": 149,
     "metadata": {},
     "output_type": "execute_result"
    }
   ],
   "source": [
    "df_cyc_logquad = dfu_cyc_logquad.stack(level='country')\n",
    "df_cyc_logquad_us = df_cyc_logquad.xs(\"United States\", level=\"country\")\n",
    "df_cyc_logquad_us.corr()"
   ]
  },
  {
   "cell_type": "code",
   "execution_count": 150,
   "id": "e88ce202",
   "metadata": {},
   "outputs": [
    {
     "data": {
      "text/html": [
       "<div>\n",
       "<style scoped>\n",
       "    .dataframe tbody tr th:only-of-type {\n",
       "        vertical-align: middle;\n",
       "    }\n",
       "\n",
       "    .dataframe tbody tr th {\n",
       "        vertical-align: top;\n",
       "    }\n",
       "\n",
       "    .dataframe thead th {\n",
       "        text-align: right;\n",
       "    }\n",
       "</style>\n",
       "<table border=\"1\" class=\"dataframe\">\n",
       "  <thead>\n",
       "    <tr style=\"text-align: right;\">\n",
       "      <th></th>\n",
       "      <th>y</th>\n",
       "      <th>c</th>\n",
       "      <th>i</th>\n",
       "      <th>g</th>\n",
       "      <th>im</th>\n",
       "      <th>ex</th>\n",
       "    </tr>\n",
       "  </thead>\n",
       "  <tbody>\n",
       "    <tr>\n",
       "      <th>y</th>\n",
       "      <td>1.000000</td>\n",
       "      <td>0.164965</td>\n",
       "      <td>0.145714</td>\n",
       "      <td>-0.642924</td>\n",
       "      <td>-0.321457</td>\n",
       "      <td>-0.505442</td>\n",
       "    </tr>\n",
       "    <tr>\n",
       "      <th>c</th>\n",
       "      <td>0.164965</td>\n",
       "      <td>1.000000</td>\n",
       "      <td>-0.451698</td>\n",
       "      <td>0.155412</td>\n",
       "      <td>0.299195</td>\n",
       "      <td>-0.097386</td>\n",
       "    </tr>\n",
       "    <tr>\n",
       "      <th>i</th>\n",
       "      <td>0.145714</td>\n",
       "      <td>-0.451698</td>\n",
       "      <td>1.000000</td>\n",
       "      <td>-0.092182</td>\n",
       "      <td>0.053928</td>\n",
       "      <td>-0.195836</td>\n",
       "    </tr>\n",
       "    <tr>\n",
       "      <th>g</th>\n",
       "      <td>-0.642924</td>\n",
       "      <td>0.155412</td>\n",
       "      <td>-0.092182</td>\n",
       "      <td>1.000000</td>\n",
       "      <td>0.490427</td>\n",
       "      <td>0.357587</td>\n",
       "    </tr>\n",
       "    <tr>\n",
       "      <th>im</th>\n",
       "      <td>-0.321457</td>\n",
       "      <td>0.299195</td>\n",
       "      <td>0.053928</td>\n",
       "      <td>0.490427</td>\n",
       "      <td>1.000000</td>\n",
       "      <td>0.772536</td>\n",
       "    </tr>\n",
       "    <tr>\n",
       "      <th>ex</th>\n",
       "      <td>-0.505442</td>\n",
       "      <td>-0.097386</td>\n",
       "      <td>-0.195836</td>\n",
       "      <td>0.357587</td>\n",
       "      <td>0.772536</td>\n",
       "      <td>1.000000</td>\n",
       "    </tr>\n",
       "  </tbody>\n",
       "</table>\n",
       "</div>"
      ],
      "text/plain": [
       "           y         c         i         g        im        ex\n",
       "y   1.000000  0.164965  0.145714 -0.642924 -0.321457 -0.505442\n",
       "c   0.164965  1.000000 -0.451698  0.155412  0.299195 -0.097386\n",
       "i   0.145714 -0.451698  1.000000 -0.092182  0.053928 -0.195836\n",
       "g  -0.642924  0.155412 -0.092182  1.000000  0.490427  0.357587\n",
       "im -0.321457  0.299195  0.053928  0.490427  1.000000  0.772536\n",
       "ex -0.505442 -0.097386 -0.195836  0.357587  0.772536  1.000000"
      ]
     },
     "execution_count": 150,
     "metadata": {},
     "output_type": "execute_result"
    }
   ],
   "source": [
    "df_cyc_logquad_korea = df_cyc_logquad.xs(\"Korea, Rep.\", level=\"country\")\n",
    "df_cyc_logquad_korea.corr()"
   ]
  },
  {
   "cell_type": "code",
   "execution_count": 151,
   "id": "c1987b05",
   "metadata": {},
   "outputs": [],
   "source": [
    "dfu_trend_hp = dfu_log.apply(hpfilter)\n",
    "dfu_cyc_hp = dfu_log - dfu_trend_hp\n",
    "# dfu_cyc_hp.tail()"
   ]
  },
  {
   "cell_type": "code",
   "execution_count": 152,
   "id": "590de508",
   "metadata": {},
   "outputs": [
    {
     "data": {
      "text/plain": [
       "    country      \n",
       "y   Korea, Rep.      0.028314\n",
       "    United States    0.019539\n",
       "c   Korea, Rep.      0.026501\n",
       "    United States    0.006832\n",
       "i   Korea, Rep.      0.069679\n",
       "    United States    0.050157\n",
       "g   Korea, Rep.      0.046064\n",
       "    United States    0.028375\n",
       "im  Korea, Rep.      0.089291\n",
       "    United States    0.055065\n",
       "ex  Korea, Rep.      0.104547\n",
       "    United States    0.079483\n",
       "dtype: float64"
      ]
     },
     "execution_count": 152,
     "metadata": {},
     "output_type": "execute_result"
    }
   ],
   "source": [
    "dfu_cyc_hp.std()"
   ]
  },
  {
   "cell_type": "code",
   "execution_count": 153,
   "id": "f304d693",
   "metadata": {},
   "outputs": [
    {
     "name": "stderr",
     "output_type": "stream",
     "text": [
      "/var/folders/rs/3t24n6592rs416m8hg8l28zw0000gn/T/ipykernel_82815/1457120354.py:1: FutureWarning: The previous implementation of stack is deprecated and will be removed in a future version of pandas. See the What's New notes for pandas 2.1.0 for details. Specify future_stack=True to adopt the new implementation and silence this warning.\n",
      "  df_cyc_hp = dfu_cyc_hp.stack(level='country')\n"
     ]
    },
    {
     "data": {
      "text/html": [
       "<div>\n",
       "<style scoped>\n",
       "    .dataframe tbody tr th:only-of-type {\n",
       "        vertical-align: middle;\n",
       "    }\n",
       "\n",
       "    .dataframe tbody tr th {\n",
       "        vertical-align: top;\n",
       "    }\n",
       "\n",
       "    .dataframe thead th {\n",
       "        text-align: right;\n",
       "    }\n",
       "</style>\n",
       "<table border=\"1\" class=\"dataframe\">\n",
       "  <thead>\n",
       "    <tr style=\"text-align: right;\">\n",
       "      <th></th>\n",
       "      <th>y</th>\n",
       "      <th>c</th>\n",
       "      <th>i</th>\n",
       "      <th>g</th>\n",
       "      <th>im</th>\n",
       "      <th>ex</th>\n",
       "    </tr>\n",
       "  </thead>\n",
       "  <tbody>\n",
       "    <tr>\n",
       "      <th>y</th>\n",
       "      <td>1.000000</td>\n",
       "      <td>-0.453689</td>\n",
       "      <td>0.794606</td>\n",
       "      <td>-0.622155</td>\n",
       "      <td>0.421901</td>\n",
       "      <td>-0.149338</td>\n",
       "    </tr>\n",
       "    <tr>\n",
       "      <th>c</th>\n",
       "      <td>-0.453689</td>\n",
       "      <td>1.000000</td>\n",
       "      <td>-0.631108</td>\n",
       "      <td>0.655429</td>\n",
       "      <td>-0.317259</td>\n",
       "      <td>-0.290038</td>\n",
       "    </tr>\n",
       "    <tr>\n",
       "      <th>i</th>\n",
       "      <td>0.794606</td>\n",
       "      <td>-0.631108</td>\n",
       "      <td>1.000000</td>\n",
       "      <td>-0.846116</td>\n",
       "      <td>0.487676</td>\n",
       "      <td>-0.153100</td>\n",
       "    </tr>\n",
       "    <tr>\n",
       "      <th>g</th>\n",
       "      <td>-0.622155</td>\n",
       "      <td>0.655429</td>\n",
       "      <td>-0.846116</td>\n",
       "      <td>1.000000</td>\n",
       "      <td>-0.427191</td>\n",
       "      <td>-0.103108</td>\n",
       "    </tr>\n",
       "    <tr>\n",
       "      <th>im</th>\n",
       "      <td>0.421901</td>\n",
       "      <td>-0.317259</td>\n",
       "      <td>0.487676</td>\n",
       "      <td>-0.427191</td>\n",
       "      <td>1.000000</td>\n",
       "      <td>0.600017</td>\n",
       "    </tr>\n",
       "    <tr>\n",
       "      <th>ex</th>\n",
       "      <td>-0.149338</td>\n",
       "      <td>-0.290038</td>\n",
       "      <td>-0.153100</td>\n",
       "      <td>-0.103108</td>\n",
       "      <td>0.600017</td>\n",
       "      <td>1.000000</td>\n",
       "    </tr>\n",
       "  </tbody>\n",
       "</table>\n",
       "</div>"
      ],
      "text/plain": [
       "           y         c         i         g        im        ex\n",
       "y   1.000000 -0.453689  0.794606 -0.622155  0.421901 -0.149338\n",
       "c  -0.453689  1.000000 -0.631108  0.655429 -0.317259 -0.290038\n",
       "i   0.794606 -0.631108  1.000000 -0.846116  0.487676 -0.153100\n",
       "g  -0.622155  0.655429 -0.846116  1.000000 -0.427191 -0.103108\n",
       "im  0.421901 -0.317259  0.487676 -0.427191  1.000000  0.600017\n",
       "ex -0.149338 -0.290038 -0.153100 -0.103108  0.600017  1.000000"
      ]
     },
     "execution_count": 153,
     "metadata": {},
     "output_type": "execute_result"
    }
   ],
   "source": [
    "df_cyc_hp = dfu_cyc_hp.stack(level='country')\n",
    "df_cyc_hp_us = df_cyc_hp.xs(\"United States\", level=\"country\")\n",
    "df_cyc_hp_us.corr()"
   ]
  },
  {
   "cell_type": "code",
   "execution_count": 154,
   "id": "73707248",
   "metadata": {},
   "outputs": [
    {
     "data": {
      "text/html": [
       "<div>\n",
       "<style scoped>\n",
       "    .dataframe tbody tr th:only-of-type {\n",
       "        vertical-align: middle;\n",
       "    }\n",
       "\n",
       "    .dataframe tbody tr th {\n",
       "        vertical-align: top;\n",
       "    }\n",
       "\n",
       "    .dataframe thead th {\n",
       "        text-align: right;\n",
       "    }\n",
       "</style>\n",
       "<table border=\"1\" class=\"dataframe\">\n",
       "  <thead>\n",
       "    <tr style=\"text-align: right;\">\n",
       "      <th></th>\n",
       "      <th>y</th>\n",
       "      <th>c</th>\n",
       "      <th>i</th>\n",
       "      <th>g</th>\n",
       "      <th>im</th>\n",
       "      <th>ex</th>\n",
       "    </tr>\n",
       "  </thead>\n",
       "  <tbody>\n",
       "    <tr>\n",
       "      <th>y</th>\n",
       "      <td>1.000000</td>\n",
       "      <td>-0.432350</td>\n",
       "      <td>0.646290</td>\n",
       "      <td>-0.580401</td>\n",
       "      <td>-0.112836</td>\n",
       "      <td>-0.218356</td>\n",
       "    </tr>\n",
       "    <tr>\n",
       "      <th>c</th>\n",
       "      <td>-0.432350</td>\n",
       "      <td>1.000000</td>\n",
       "      <td>0.013046</td>\n",
       "      <td>0.457384</td>\n",
       "      <td>0.297674</td>\n",
       "      <td>-0.302321</td>\n",
       "    </tr>\n",
       "    <tr>\n",
       "      <th>i</th>\n",
       "      <td>0.646290</td>\n",
       "      <td>0.013046</td>\n",
       "      <td>1.000000</td>\n",
       "      <td>-0.277597</td>\n",
       "      <td>0.302412</td>\n",
       "      <td>-0.375962</td>\n",
       "    </tr>\n",
       "    <tr>\n",
       "      <th>g</th>\n",
       "      <td>-0.580401</td>\n",
       "      <td>0.457384</td>\n",
       "      <td>-0.277597</td>\n",
       "      <td>1.000000</td>\n",
       "      <td>0.112120</td>\n",
       "      <td>-0.145744</td>\n",
       "    </tr>\n",
       "    <tr>\n",
       "      <th>im</th>\n",
       "      <td>-0.112836</td>\n",
       "      <td>0.297674</td>\n",
       "      <td>0.302412</td>\n",
       "      <td>0.112120</td>\n",
       "      <td>1.000000</td>\n",
       "      <td>0.540637</td>\n",
       "    </tr>\n",
       "    <tr>\n",
       "      <th>ex</th>\n",
       "      <td>-0.218356</td>\n",
       "      <td>-0.302321</td>\n",
       "      <td>-0.375962</td>\n",
       "      <td>-0.145744</td>\n",
       "      <td>0.540637</td>\n",
       "      <td>1.000000</td>\n",
       "    </tr>\n",
       "  </tbody>\n",
       "</table>\n",
       "</div>"
      ],
      "text/plain": [
       "           y         c         i         g        im        ex\n",
       "y   1.000000 -0.432350  0.646290 -0.580401 -0.112836 -0.218356\n",
       "c  -0.432350  1.000000  0.013046  0.457384  0.297674 -0.302321\n",
       "i   0.646290  0.013046  1.000000 -0.277597  0.302412 -0.375962\n",
       "g  -0.580401  0.457384 -0.277597  1.000000  0.112120 -0.145744\n",
       "im -0.112836  0.297674  0.302412  0.112120  1.000000  0.540637\n",
       "ex -0.218356 -0.302321 -0.375962 -0.145744  0.540637  1.000000"
      ]
     },
     "execution_count": 154,
     "metadata": {},
     "output_type": "execute_result"
    }
   ],
   "source": [
    "df_cyc_hp_korea = df_cyc_hp.xs(\"Korea, Rep.\", level=\"country\")\n",
    "df_cyc_hp_korea.corr()"
   ]
  },
  {
   "cell_type": "code",
   "execution_count": 163,
   "id": "e7337314",
   "metadata": {},
   "outputs": [
    {
     "data": {
